image_width: 640
image_height: 480
camera_name: logitech_c920
camera_matrix:
  rows: 3
  cols: 3
  data: [522.284, 0, 294.957, 0, 519.92, 221.282, 0, 0, 1]
distortion_coefficients:
  rows: 1
  cols: 5
  data: [0.075017, -0.17182, -0.005117, -0.00046, 0]
rectification_matrix:
  rows: 3
  cols: 3
  data: [1, 0, 0, 0, 1, 0, 0, 0, 1]
projection_matrix:
  rows: 3
  cols: 4
  data: [522.284, 0, 294.957, 0, 0, 519.92, 221.282, 0, 0, 0, 1, 0]
