image_width: 1280
image_height: 720
camera_name: trust
camera_matrix:
  rows: 3
  cols: 3
  data: [844.196880, 0.000000, 318.514635, 0.000000, 852.683290, 254.889584, 0.000000, 0.000000, 1.000000]
distortion_model: plumb_bob
distortion_coefficients:
  rows: 1
  cols: 5
  data: [0.130185, -0.499155, -0.009280, -0.003387, 0.000000]
rectification_matrix:
  rows: 3
  cols: 3
  data: [1.000000, 0.000000, 0.000000, 0.000000, 1.000000, 0.000000, 0.000000, 0.000000, 1.000000]
projection_matrix:
  rows: 3
  cols: 4
  data: [852.050354, 0.000000, 316.662136, 0.000000, 0.000000, 860.399902, 252.044462, 0.000000, 0.000000, 0.000000, 1.000000, 0.000000]
